00000004
00000000 00000000 00000000 00000000
00000000 00000000 00000000 00000000
00000000 00000000 00000000 00000000
00000000 00000000 00000000 00000000
00000000 00000000 00000000 00000000
0000018f 00000000 00000000 00000000
00000000 00000000 00000000 00000000
00000000 00000000 00000000 00000000

00000000 00000000 00000000 00000000 
00000000 00000000 00000000 00000000 

00000008
00000000 00000000 00000000 00000000
00000000 00000000 00000000 00000000
00000000 00000000 00000000 00000000
00000000 00000000 00000000 00000000
00000000 00000000 00000000 00000000
0000018f 3fb95000 00000000 00000000
00000000 00000000 00000000 00000000
00000000 00000000 00000000 00000000

00000000 00000000 00000000 00000000 
00000000 00000000 00000000 00000000 

0000000c
00000000 00000000 00000000 00000000
00000000 00000000 00000000 00000000
00000000 00000000 00000000 00000000
00000000 00000000 00000000 00000000
00000000 00000000 00000000 00000000
3fb9518f 3fb95000 00000000 00000000
00000000 00000000 00000000 00000000
00000000 00000000 00000000 00000000

00000000 00000000 00000000 00000000 
00000000 00000000 00000000 00000000 

00000010
00000000 00000000 00000000 00000000
00000000 00000000 00000000 00000000
00000000 00000000 00000000 00000000
00000000 00000000 00000000 00000000
00000000 00000000 00000000 00000000
3fb9518f 98765000 00000000 00000000
00000000 00000000 00000000 00000000
00000000 00000000 00000000 00000000

00000000 00000000 00000000 00000000 
00000000 00000000 00000000 00000000 

00000014
00000000 00000000 00000000 00000000
00000000 00000000 00000000 00000000
00000000 00000000 00000000 00000000
00000000 00000000 00000000 00000000
00000000 00000000 00000000 00000000
3fb9518f 98765345 00000000 00000000
00000000 00000000 00000000 00000000
00000000 00000000 00000000 00000000

00000000 00000000 00000000 00000000 
00000000 00000000 00000000 00000000 

00000018
00000000 00000000 00000000 00000000
00000000 00000000 00000000 00000000
00000000 00000000 00000000 00000000
00000000 00000000 00000000 00000000
00000000 00000000 00000000 00000000
3fb9518f 98765345 3fb94d8f 00000000
00000000 00000000 00000000 00000000
00000000 00000000 00000000 00000000

00000000 00000000 00000000 00000000 
00000000 00000000 00000000 00000000 

0000001c
00000000 00000000 00000000 00000000
00000000 00000000 00000000 00000000
00000000 00000000 00000000 00000000
00000000 00000000 00000000 00000000
00000000 00000000 00000000 00000000
3fb9518f 98765345 3fb94d8f 3fb95633
00000000 00000000 00000000 00000000
00000000 00000000 00000000 00000000

00000000 00000000 00000000 00000000 
00000000 00000000 00000000 00000000 

00000020
00000000 00000000 00000000 00000000
00000000 00000000 00000000 00000000
00000000 00000000 00000000 00000000
00000000 00000000 00000000 00000000
00000000 00000000 00000000 00000000
3fb9518f 98765345 00000000 3fb95633
00000000 00000000 00000000 00000000
00000000 00000000 00000000 00000000

00000000 00000000 00000000 00000000 
00000000 00000000 00000000 00000000 

00000024
00000000 00000000 00000000 00000000
00000000 00000000 00000000 00000000
00000000 00000000 00000000 00000000
00000000 00000000 00000000 00000000
00000000 00000000 00000000 00000000
3fb9518f 98765345 00000000 00000001
00000000 00000000 00000000 00000000
00000000 00000000 00000000 00000000

00000000 00000000 00000000 00000000 
00000000 00000000 00000000 00000000 

00000028
00000000 00000000 00000000 00000000
00000000 00000000 00000000 00000000
00000000 00000000 00000000 00000000
00000000 00000000 00000000 00000000
00000000 00000000 00000000 00000000
3fb9518f 98765345 00000105 00000001
00000000 00000000 00000000 00000000
00000000 00000000 00000000 00000000

00000000 00000000 00000000 00000000 
00000000 00000000 00000000 00000000 

0000002c
00000000 00000000 00000000 00000000
00000000 00000000 00000000 00000000
00000000 00000000 00000000 00000000
00000000 00000000 00000000 00000000
00000000 00000000 00000000 00000000
3fb9518f 98765345 00000105 00000000
00000000 00000000 00000000 00000000
00000000 00000000 00000000 00000000

00000000 00000000 00000000 00000000 
00000000 00000000 00000000 00000000 

00000030
00000000 00000000 00000000 00000000
00000000 00000000 00000000 00000000
00000000 00000000 00000000 00000000
00000000 00000000 00000000 00000000
00000000 00000000 00000000 00000000
3fb9518f 98765345 58bd01b6 00000000
00000000 00000000 00000000 00000000
00000000 00000000 00000000 00000000

00000000 00000000 00000000 00000000 
00000000 00000000 00000000 00000000 

00000034
00000000 00000000 00000000 00000000
00000000 00000000 00000000 00000000
00000000 00000000 00000000 00000000
00000000 00000000 00000000 00000000
00000000 00000000 00000000 00000000
3fb9518f 98765345 58bd01b6 67045039
00000000 00000000 00000000 00000000
00000000 00000000 00000000 00000000

00000000 00000000 00000000 00000000 
00000000 00000000 00000000 00000000 

00000038
00000000 00000000 00000000 00000000
00000000 00000000 00000000 00000000
00000000 00000000 00000000 00000000
00000000 00000000 00000000 00000000
00000000 00000000 00000000 00000000
3fb9518f 98765345 d82fa4d4 67045039
00000000 00000000 00000000 00000000
00000000 00000000 00000000 00000000

00000000 00000000 00000000 00000000 
00000000 00000000 00000000 00000000 

0000003c
00000000 00000000 00000000 00000000
00000000 00000000 00000000 00000000
00000000 00000000 00000000 00000000
00000000 00000000 00000000 00000000
00000000 00000000 00000000 00000000
3fb9518f 98765345 98765345 67045039
00000000 00000000 00000000 00000000
00000000 00000000 00000000 00000000

00000000 00000000 00000000 00000000 
00000000 00000000 00000000 00000000 

00000040
00000000 00000000 00000000 00000000
00000000 00000000 00000000 00000000
00000000 00000000 00000000 00000000
00000000 00000000 00000000 00000000
00000000 00000000 00000000 00000000
3fb9518f 98765345 98765345 ff76537d
00000000 00000000 00000000 00000000
00000000 00000000 00000000 00000000

00000000 00000000 00000000 00000000 
00000000 00000000 00000000 00000000 

00000044
00000000 00000000 00000000 00000000
00000000 00000000 00000000 00000000
00000000 00000000 00000000 00000000
00000000 00000000 00000000 00000000
00000000 00000000 00000000 00000000
3fb9518f 98765345 98765345 98765345
00000000 00000000 00000000 00000000
00000000 00000000 00000000 00000000

00000000 00000000 00000000 00000000 
00000000 00000000 00000000 00000000 

00000048
00000000 00000000 00000000 00000000
00000000 00000000 00000000 00000000
00000000 00000000 00000000 00000000
00000000 00000000 00000000 00000000
00000000 00000000 00000000 00000000
3fb9518f 98765345 00000000 98765345
00000000 00000000 00000000 00000000
00000000 00000000 00000000 00000000

00000000 00000000 00000000 00000000 
00000000 00000000 00000000 00000000 

0000004c
00000000 00000000 00000000 00000000
00000000 00000000 00000000 00000000
00000000 00000000 00000000 00000000
00000000 00000000 00000000 00000000
00000000 00000000 00000000 00000000
3fb9518f 98765345 00000000 00000001
00000000 00000000 00000000 00000000
00000000 00000000 00000000 00000000

00000000 00000000 00000000 00000000 
00000000 00000000 00000000 00000000 

00000050
00000000 00000000 00000000 00000004
00000000 00000000 00000000 00000000
00000000 00000000 00000000 00000000
00000000 00000000 00000000 00000000
00000000 00000000 00000000 00000000
3fb9518f 98765345 00000000 00000001
00000000 00000000 00000000 00000000
00000000 00000000 00000000 00000000

00000000 00000000 00000000 00000000 
00000000 00000000 00000000 00000000 

00000054
00000000 00000000 00000000 00000004
00000000 00000000 00000000 00000000
00000000 00000000 00000000 00000000
00000000 00000000 00000000 00000000
00000000 00000000 00000000 00000000
3fb9518f 98765345 fb9518f0 00000001
00000000 00000000 00000000 00000000
00000000 00000000 00000000 00000000

00000000 00000000 00000000 00000000 
00000000 00000000 00000000 00000000 

00000058
00000000 00000000 00000000 00000004
00000000 00000000 00000000 00000000
00000000 00000000 00000000 00000000
00000000 00000000 00000000 00000000
00000000 00000000 00000000 00000000
3fb9518f 98765345 09876534 00000001
00000000 00000000 00000000 00000000
00000000 00000000 00000000 00000000

00000000 00000000 00000000 00000000 
00000000 00000000 00000000 00000000 

0000005c
00000000 00000000 00000000 00000004
00000000 00000000 00000000 00000000
00000000 00000000 00000000 00000000
00000000 00000000 00000000 00000000
00000000 00000000 00000000 00000000
3fb9518f 98765345 f9876534 00000001
00000000 00000000 00000000 00000000
00000000 00000000 00000000 00000000

00000000 00000000 00000000 00000000 
00000000 00000000 00000000 00000000 

00000060
00000000 00000000 00000000 00000004
00000000 00000000 00000000 00000000
00000000 00000000 00000000 00000000
00000000 00000000 00000000 00000000
00000000 00000000 00000000 00000000
3fb9518f 98765345 f9876534 53450000
00000000 00000000 00000000 00000000
00000000 00000000 00000000 00000000

00000000 00000000 00000000 00000000 
00000000 00000000 00000000 00000000 

00000064
00000000 00000000 00000000 00000004
00000000 00000000 00000000 00000000
00000000 00000000 00000000 00000000
00000000 00000000 00000000 00000000
00000000 00000000 00000000 00000000
3fb9518f 98765345 f9876534 00987653
00000000 00000000 00000000 00000000
00000000 00000000 00000000 00000000

00000000 00000000 00000000 00000000 
00000000 00000000 00000000 00000000 

00000068
00000000 00000000 00000000 00000004
00000000 00000000 00000000 00000000
00000000 00000000 00000000 00000000
00000000 00000000 00000000 00000000
00000000 00000000 00000000 00000000
3fb9518f 98765345 f9876534 ffffffff
00000000 00000000 00000000 00000000
00000000 00000000 00000000 00000000

00000000 00000000 00000000 00000000 
00000000 00000000 00000000 00000000 

0000006c
00000000 00000000 00000000 00000000
00000000 00000000 00000000 00000000
00000000 00000000 00000000 00000000
00000000 00000000 00000000 00000000
00000000 00000000 00000000 00000000
3fb9518f 98765345 f9876534 ffffffff
00000000 00000000 00000000 00000000
00000000 00000000 00000000 00000000

00000000 00000000 00000000 00000000 
00000000 00000000 00000000 00000000 

00000070
00000000 00000000 00000000 00000000
00000000 000000f5 00000000 00000000
00000000 00000000 00000000 00000000
00000000 00000000 00000000 00000000
00000000 00000000 00000000 00000000
3fb9518f 98765345 f9876534 ffffffff
00000000 00000000 00000000 00000000
00000000 00000000 00000000 00000000

00000000 00000000 00000000 00000000 
00000000 00000000 00000000 00000000 

00000070
00000000 00000000 00000000 00000000
00000000 000000f5 00000000 00000000
00000000 00000000 00000000 00000000
00000000 00000000 00000000 00000000
00000000 00000000 00000000 00000000
3fb9518f 98765345 f9876534 ffffffff
00000000 00000000 00000000 00000000
00000000 00000000 00000000 00000000

8f51b93f 00000000 00000000 00000000 
8f51b93f 00000000 00000000 00000000 

00000070
00000000 00000000 00000000 00000000
00000000 000000f5 00000000 00000000
00000000 00000000 00000000 00000000
00000000 00000000 00000000 00000000
00000000 00000000 00000000 00000000
3fb9518f 98765345 f9876534 ffffffff
00000000 00000000 00000000 00000000
00000000 00000000 00000000 00000000

8f51b93f 00000000 00000000 00000000 
8f51b93f 00000000 00000000 00000000 

00000070
00000000 00000000 00000000 00000000
00000000 000000f5 00000000 00000000
00000000 00000000 00000000 00000000
00000000 00000000 00000000 00000000
00000000 00000000 00000000 00000000
3fb9518f 98765345 f9876534 ffffffff
00000000 00000000 00000000 00000000
00000000 00000000 00000000 00000000

8f51b93f 00000000 00000000 00000000 
8f51b93f 00000000 00000000 00000000 

00000070
00000000 00000000 00000000 00000000
00000000 000000f5 00000000 00000000
00000000 00000000 00000000 00000000
00000000 00000000 00000000 00000000
00000000 00000000 00000000 00000000
3fb9518f 98765345 f9876534 ffffffff
00000000 00000000 00000000 00000000
00000000 00000000 00000000 00000000

8f51b93f 00000000 00000000 00000000 
8f51b93f 00000000 00000000 00000000 

00000070
00000000 00000000 00000000 00000000
00000000 000000f5 00000000 00000000
00000000 00000000 00000000 00000000
00000000 00000000 00000000 00000000
00000000 00000000 00000000 00000000
3fb9518f 98765345 f9876534 ffffffff
00000000 00000000 00000000 00000000
00000000 00000000 00000000 00000000

8f51b93f 00000000 00000000 00000000 
8f51b93f 00000000 00000000 00000000 

00000070
00000000 00000000 00000000 00000000
00000000 000000f5 00000000 00000000
00000000 00000000 00000000 00000000
00000000 00000000 00000000 00000000
00000000 00000000 00000000 00000000
3fb9518f 98765345 f9876534 ffffffff
00000000 00000000 00000000 00000000
00000000 00000000 00000000 00000000

8f51b93f 00000000 00000000 00000000 
8f51b93f 00000000 00000000 00000000 

00000070
00000000 00000000 00000000 00000000
00000000 000000f5 00000000 00000000
00000000 00000000 00000000 00000000
00000000 00000000 00000000 00000000
00000000 00000000 00000000 00000000
3fb9518f 98765345 f9876534 ffffffff
00000000 00000000 00000000 00000000
00000000 00000000 00000000 00000000

8f51b93f 00000000 00000000 00000000 
8f51b93f 00000000 00000000 00000000 

00000070
00000000 00000000 00000000 00000000
00000000 000000f5 00000000 00000000
00000000 00000000 00000000 00000000
00000000 00000000 00000000 00000000
00000000 00000000 00000000 00000000
3fb9518f 98765345 f9876534 ffffffff
00000000 00000000 00000000 00000000
00000000 00000000 00000000 00000000

8f51b93f 00000000 00000000 00000000 
8f51b93f 00000000 00000000 00000000 

00000070
00000000 00000000 00000000 00000000
00000000 000000f5 00000000 00000000
00000000 00000000 00000000 00000000
00000000 00000000 00000000 00000000
00000000 00000000 00000000 00000000
3fb9518f 98765345 f9876534 ffffffff
00000000 00000000 00000000 00000000
00000000 00000000 00000000 00000000

8f51b93f 00000000 00000000 00000000 
8f51b93f 00000000 00000000 00000000 

00000070
00000000 00000000 00000000 00000000
00000000 000000f5 00000000 00000000
00000000 00000000 00000000 00000000
00000000 00000000 00000000 00000000
00000000 00000000 00000000 00000000
3fb9518f 98765345 f9876534 ffffffff
00000000 00000000 00000000 00000000
00000000 00000000 00000000 00000000

8f51b93f 00000000 00000000 00000000 
8f51b93f 00000000 00000000 00000000 

00000070
00000000 00000000 00000000 00000000
00000000 000000f5 00000000 00000000
00000000 00000000 00000000 00000000
00000000 00000000 00000000 00000000
00000000 00000000 00000000 00000000
3fb9518f 98765345 f9876534 ffffffff
00000000 00000000 00000000 00000000
00000000 00000000 00000000 00000000

8f51b93f 00000000 00000000 00000000 
8f51b93f 00000000 00000000 00000000 

00000070
00000000 00000000 00000000 00000000
00000000 000000f5 00000000 00000000
00000000 00000000 00000000 00000000
00000000 00000000 00000000 00000000
00000000 00000000 00000000 00000000
3fb9518f 98765345 f9876534 ffffffff
00000000 00000000 00000000 00000000
00000000 00000000 00000000 00000000

8f51b93f 00000000 00000000 00000000 
8f51b93f 00000000 00000000 00000000 

00000070
00000000 00000000 00000000 00000000
00000000 000000f5 00000000 00000000
00000000 00000000 00000000 00000000
00000000 00000000 00000000 00000000
00000000 00000000 00000000 00000000
3fb9518f 98765345 f9876534 ffffffff
00000000 00000000 00000000 00000000
00000000 00000000 00000000 00000000

8f51b93f 00000000 00000000 00000000 
8f51b93f 00000000 00000000 00000000 

00000070
00000000 00000000 00000000 00000000
00000000 000000f5 00000000 00000000
00000000 00000000 00000000 00000000
00000000 00000000 00000000 00000000
00000000 00000000 00000000 00000000
3fb9518f 98765345 f9876534 ffffffff
00000000 00000000 00000000 00000000
00000000 00000000 00000000 00000000

8f51b93f 00000000 00000000 00000000 
8f51b93f 00000000 00000000 00000000 

00000070
00000000 00000000 00000000 00000000
00000000 000000f5 00000000 00000000
00000000 00000000 00000000 00000000
00000000 00000000 00000000 00000000
00000000 00000000 00000000 00000000
3fb9518f 98765345 f9876534 ffffffff
00000000 00000000 00000000 00000000
00000000 00000000 00000000 00000000

8f51b93f 00000000 00000000 00000000 
8f51b93f 00000000 00000000 00000000 

00000070
00000000 00000000 00000000 00000000
00000000 000000f5 00000000 00000000
00000000 00000000 00000000 00000000
00000000 00000000 00000000 00000000
00000000 00000000 00000000 00000000
3fb9518f 98765345 f9876534 ffffffff
00000000 00000000 00000000 00000000
00000000 00000000 00000000 00000000

8f51b93f 00000000 00000000 00000000 
8f51b93f 00000000 00000000 00000000 

00000070
00000000 00000000 00000000 00000000
00000000 000000f5 00000000 00000000
00000000 00000000 00000000 00000000
00000000 00000000 00000000 00000000
00000000 00000000 00000000 00000000
3fb9518f 98765345 f9876534 ffffffff
00000000 00000000 00000000 00000000
00000000 00000000 00000000 00000000

8f51b93f 00000000 00000000 00000000 
8f51b93f 00000000 00000000 00000000 

00000070
00000000 00000000 00000000 00000000
00000000 000000f5 00000000 00000000
00000000 00000000 00000000 00000000
00000000 00000000 00000000 00000000
00000000 00000000 00000000 00000000
3fb9518f 98765345 f9876534 ffffffff
00000000 00000000 00000000 00000000
00000000 00000000 00000000 00000000

8f51b93f 00000000 00000000 00000000 
8f51b93f 00000000 00000000 00000000 

00000070
00000000 00000000 00000000 00000000
00000000 000000f5 00000000 00000000
00000000 00000000 00000000 00000000
00000000 00000000 00000000 00000000
00000000 00000000 00000000 00000000
3fb9518f 98765345 f9876534 ffffffff
00000000 00000000 00000000 00000000
00000000 00000000 00000000 00000000

8f51b93f 00000000 00000000 00000000 
8f51b93f 00000000 00000000 00000000 

00000070
00000000 00000000 00000000 00000000
00000000 000000f5 00000000 00000000
00000000 00000000 00000000 00000000
00000000 00000000 00000000 00000000
00000000 00000000 00000000 00000000
3fb9518f 98765345 f9876534 ffffffff
00000000 00000000 00000000 00000000
00000000 00000000 00000000 00000000

8f51b93f 00000000 00000000 00000000 
8f51b93f 00000000 00000000 00000000 

00000070
00000000 00000000 00000000 00000000
00000000 000000f5 00000000 00000000
00000000 00000000 00000000 00000000
00000000 00000000 00000000 00000000
00000000 00000000 00000000 00000000
3fb9518f 98765345 f9876534 ffffffff
00000000 00000000 00000000 00000000
00000000 00000000 00000000 00000000

8f51b93f 00000000 00000000 00000000 
8f51b93f 00000000 00000000 00000000 

00000070
00000000 00000000 00000000 00000000
00000000 000000f5 00000000 00000000
00000000 00000000 00000000 00000000
00000000 00000000 00000000 00000000
00000000 00000000 00000000 00000000
3fb9518f 98765345 f9876534 ffffffff
00000000 00000000 00000000 00000000
00000000 00000000 00000000 00000000

8f51b93f 00000000 00000000 00000000 
8f51b93f 00000000 00000000 00000000 

00000070
00000000 00000000 00000000 00000000
00000000 000000f5 00000000 00000000
00000000 00000000 00000000 00000000
00000000 00000000 00000000 00000000
00000000 00000000 00000000 00000000
3fb9518f 98765345 f9876534 ffffffff
00000000 00000000 00000000 00000000
00000000 00000000 00000000 00000000

8f51b93f 00000000 00000000 00000000 
8f51b93f 00000000 00000000 00000000 

00000070
00000000 00000000 00000000 00000000
00000000 000000f5 00000000 00000000
00000000 00000000 00000000 00000000
00000000 00000000 00000000 00000000
00000000 00000000 00000000 00000000
3fb9518f 98765345 f9876534 ffffffff
00000000 00000000 00000000 00000000
00000000 00000000 00000000 00000000

8f51b93f 00000000 00000000 00000000 
8f51b93f 00000000 00000000 00000000 

00000070
00000000 00000000 00000000 00000000
00000000 000000f5 00000000 00000000
00000000 00000000 00000000 00000000
00000000 00000000 00000000 00000000
00000000 00000000 00000000 00000000
3fb9518f 98765345 f9876534 ffffffff
00000000 00000000 00000000 00000000
00000000 00000000 00000000 00000000

8f51b93f 00000000 00000000 00000000 
8f51b93f 00000000 00000000 00000000 

00000070
00000000 00000000 00000000 00000000
00000000 000000f5 00000000 00000000
00000000 00000000 00000000 00000000
00000000 00000000 00000000 00000000
00000000 00000000 00000000 00000000
3fb9518f 98765345 f9876534 ffffffff
00000000 00000000 00000000 00000000
00000000 00000000 00000000 00000000

8f51b93f 00000000 00000000 00000000 
8f51b93f 00000000 00000000 00000000 

00000070
00000000 00000000 00000000 00000000
00000000 000000f5 00000000 00000000
00000000 00000000 00000000 00000000
00000000 00000000 00000000 00000000
00000000 00000000 00000000 00000000
3fb9518f 98765345 f9876534 ffffffff
00000000 00000000 00000000 00000000
00000000 00000000 00000000 00000000

8f51b93f 00000000 00000000 00000000 
8f51b93f 00000000 00000000 00000000 

00000070
00000000 00000000 00000000 00000000
00000000 000000f5 00000000 00000000
00000000 00000000 00000000 00000000
00000000 00000000 00000000 00000000
00000000 00000000 00000000 00000000
3fb9518f 98765345 f9876534 ffffffff
00000000 00000000 00000000 00000000
00000000 00000000 00000000 00000000

8f51b93f 00000000 00000000 00000000 
8f51b93f 00000000 00000000 00000000 

00000070
00000000 00000000 00000000 00000000
00000000 000000f5 00000000 00000000
00000000 00000000 00000000 00000000
00000000 00000000 00000000 00000000
00000000 00000000 00000000 00000000
3fb9518f 98765345 f9876534 ffffffff
00000000 00000000 00000000 00000000
00000000 00000000 00000000 00000000

8f51b93f 00000000 00000000 00000000 
8f51b93f 00000000 00000000 00000000 

00000070
00000000 00000000 00000000 00000000
00000000 000000f5 00000000 00000000
00000000 00000000 00000000 00000000
00000000 00000000 00000000 00000000
00000000 00000000 00000000 00000000
3fb9518f 98765345 f9876534 ffffffff
00000000 00000000 00000000 00000000
00000000 00000000 00000000 00000000

8f51b93f 00000000 00000000 00000000 
8f51b93f 00000000 00000000 00000000 

00000070
00000000 00000000 00000000 00000000
00000000 000000f5 00000000 00000000
00000000 00000000 00000000 00000000
00000000 00000000 00000000 00000000
00000000 00000000 00000000 00000000
3fb9518f 98765345 f9876534 ffffffff
00000000 00000000 00000000 00000000
00000000 00000000 00000000 00000000

8f51b93f 00000000 00000000 00000000 
8f51b93f 00000000 00000000 00000000 

00000070
00000000 00000000 00000000 00000000
00000000 000000f5 00000000 00000000
00000000 00000000 00000000 00000000
00000000 00000000 00000000 00000000
00000000 00000000 00000000 00000000
3fb9518f 98765345 f9876534 ffffffff
00000000 00000000 00000000 00000000
00000000 00000000 00000000 00000000

8f51b93f 00000000 00000000 00000000 
8f51b93f 00000000 00000000 00000000 

00000070
00000000 00000000 00000000 00000000
00000000 000000f5 00000000 00000000
00000000 00000000 00000000 00000000
00000000 00000000 00000000 00000000
00000000 00000000 00000000 00000000
3fb9518f 98765345 f9876534 ffffffff
00000000 00000000 00000000 00000000
00000000 00000000 00000000 00000000

8f51b93f 00000000 00000000 00000000 
8f51b93f 00000000 00000000 00000000 

00000070
00000000 00000000 00000000 00000000
00000000 000000f5 00000000 00000000
00000000 00000000 00000000 00000000
00000000 00000000 00000000 00000000
00000000 00000000 00000000 00000000
3fb9518f 98765345 f9876534 ffffffff
00000000 00000000 00000000 00000000
00000000 00000000 00000000 00000000

8f51b93f 00000000 00000000 00000000 
8f51b93f 00000000 00000000 00000000 

00000070
00000000 00000000 00000000 00000000
00000000 000000f5 00000000 00000000
00000000 00000000 00000000 00000000
00000000 00000000 00000000 00000000
00000000 00000000 00000000 00000000
3fb9518f 98765345 f9876534 ffffffff
00000000 00000000 00000000 00000000
00000000 00000000 00000000 00000000

8f51b93f 00000000 00000000 00000000 
8f51b93f 00000000 00000000 00000000 

00000070
00000000 00000000 00000000 00000000
00000000 000000f5 00000000 00000000
00000000 00000000 00000000 00000000
00000000 00000000 00000000 00000000
00000000 00000000 00000000 00000000
3fb9518f 98765345 f9876534 ffffffff
00000000 00000000 00000000 00000000
00000000 00000000 00000000 00000000

8f51b93f 00000000 00000000 00000000 
8f51b93f 00000000 00000000 00000000 

00000070
00000000 00000000 00000000 00000000
00000000 000000f5 00000000 00000000
00000000 00000000 00000000 00000000
00000000 00000000 00000000 00000000
00000000 00000000 00000000 00000000
3fb9518f 98765345 f9876534 ffffffff
00000000 00000000 00000000 00000000
00000000 00000000 00000000 00000000

8f51b93f 00000000 00000000 00000000 
8f51b93f 00000000 00000000 00000000 

00000070
00000000 00000000 00000000 00000000
00000000 000000f5 00000000 00000000
00000000 00000000 00000000 00000000
00000000 00000000 00000000 00000000
00000000 00000000 00000000 00000000
3fb9518f 98765345 f9876534 ffffffff
00000000 00000000 00000000 00000000
00000000 00000000 00000000 00000000

8f51b93f 00000000 00000000 00000000 
8f51b93f 00000000 00000000 00000000 

00000070
00000000 00000000 00000000 00000000
00000000 000000f5 00000000 00000000
00000000 00000000 00000000 00000000
00000000 00000000 00000000 00000000
00000000 00000000 00000000 00000000
3fb9518f 98765345 f9876534 ffffffff
00000000 00000000 00000000 00000000
00000000 00000000 00000000 00000000

8f51b93f 00000000 00000000 00000000 
8f51b93f 00000000 00000000 00000000 

00000070
00000000 00000000 00000000 00000000
00000000 000000f5 00000000 00000000
00000000 00000000 00000000 00000000
00000000 00000000 00000000 00000000
00000000 00000000 00000000 00000000
3fb9518f 98765345 f9876534 ffffffff
00000000 00000000 00000000 00000000
00000000 00000000 00000000 00000000

8f51b93f 00000000 00000000 00000000 
8f51b93f 00000000 00000000 00000000 

00000070
00000000 00000000 00000000 00000000
00000000 000000f5 00000000 00000000
00000000 00000000 00000000 00000000
00000000 00000000 00000000 00000000
00000000 00000000 00000000 00000000
3fb9518f 98765345 f9876534 ffffffff
00000000 00000000 00000000 00000000
00000000 00000000 00000000 00000000

8f51b93f 00000000 00000000 00000000 
8f51b93f 00000000 00000000 00000000 

00000070
00000000 00000000 00000000 00000000
00000000 000000f5 00000000 00000000
00000000 00000000 00000000 00000000
00000000 00000000 00000000 00000000
00000000 00000000 00000000 00000000
3fb9518f 98765345 f9876534 ffffffff
00000000 00000000 00000000 00000000
00000000 00000000 00000000 00000000

8f51b93f 00000000 00000000 00000000 
8f51b93f 00000000 00000000 00000000 

00000070
00000000 00000000 00000000 00000000
00000000 000000f5 00000000 00000000
00000000 00000000 00000000 00000000
00000000 00000000 00000000 00000000
00000000 00000000 00000000 00000000
3fb9518f 98765345 f9876534 ffffffff
00000000 00000000 00000000 00000000
00000000 00000000 00000000 00000000

8f51b93f 00000000 00000000 00000000 
8f51b93f 00000000 00000000 00000000 

00000070
00000000 00000000 00000000 00000000
00000000 000000f5 00000000 00000000
00000000 00000000 00000000 00000000
00000000 00000000 00000000 00000000
00000000 00000000 00000000 00000000
3fb9518f 98765345 f9876534 ffffffff
00000000 00000000 00000000 00000000
00000000 00000000 00000000 00000000

8f51b93f 00000000 00000000 00000000 
8f51b93f 00000000 00000000 00000000 

00000070
00000000 00000000 00000000 00000000
00000000 000000f5 00000000 00000000
00000000 00000000 00000000 00000000
00000000 00000000 00000000 00000000
00000000 00000000 00000000 00000000
3fb9518f 98765345 f9876534 ffffffff
00000000 00000000 00000000 00000000
00000000 00000000 00000000 00000000

8f51b93f 00000000 00000000 00000000 
8f51b93f 00000000 00000000 00000000 

00000070
00000000 00000000 00000000 00000000
00000000 000000f5 00000000 00000000
00000000 00000000 00000000 00000000
00000000 00000000 00000000 00000000
00000000 00000000 00000000 00000000
3fb9518f 98765345 f9876534 ffffffff
00000000 00000000 00000000 00000000
00000000 00000000 00000000 00000000

8f51b93f 00000000 00000000 00000000 
8f51b93f 00000000 00000000 00000000 

